%YAML:1.0
aruco_bc_nmarkers: 9
aruco_bc_mInfoType: 0
aruco_bc_markers:
   - { id:943, corners:[ [ -2718., -250., 0. ], [ -2218., -250., 0. ], [
       -2218., 250., 0. ], [ -2718., 250., 0. ] ] }
   - { id:849, corners:[ [ -2101., -250., 0. ], [ -1601., -250., 0. ], [
       -1601., 250., 0. ], [ -2101., 250., 0. ] ] }
   - { id:619, corners:[ [ -1484., -250., 0. ], [ -984., -250., 0. ], [
       -984., 250., 0. ], [ -1484., 250., 0. ] ] }
   - { id:28, corners:[ [ -867., -250., 0. ], [ -367., -250., 0. ], [
       -367., 250., 0. ], [ -867., 250., 0. ] ] }
   - { id:361, corners:[ [ -250., -250., 0. ], [ 250., -250., 0. ], [
       250., 250., 0. ], [ -250., 250., 0. ] ] }
   - { id:302, corners:[ [ 367., -250., 0. ], [ 867., -250., 0. ], [
       867., 250., 0. ], [ 367., 250., 0. ] ] }
   - { id:1014, corners:[ [ 984., -250., 0. ], [ 1484., -250., 0. ], [
       1484., 250., 0. ], [ 984., 250., 0. ] ] }
   - { id:631, corners:[ [ 1601., -250., 0. ], [ 2101., -250., 0. ], [
       2101., 250., 0. ], [ 1601., 250., 0. ] ] }
   - { id:907, corners:[ [ 2218., -250., 0. ], [ 2718., -250., 0. ], [
       2718., 250., 0. ], [ 2218., 250., 0. ] ] }
