%YAML:1.0
aruco_bc_nmarkers: 7
aruco_bc_mInfoType: 0
aruco_bc_markers:
   - { id:931, corners:[ [ -1984., -250., 0. ], [ -1484., -250., 0. ], [
       -1484., 250., 0. ], [ -1984., 250., 0. ] ] }
   - { id:698, corners:[ [ -1406., -250., 0. ], [ -906., -250., 0. ], [
       -906., 250., 0. ], [ -1406., 250., 0. ] ] }
   - { id:632, corners:[ [ -828., -250., 0. ], [ -328., -250., 0. ], [
       -328., 250., 0. ], [ -828., 250., 0. ] ] }
   - { id:76, corners:[ [ -250., -250., 0. ], [ 250., -250., 0. ], [
       250., 250., 0. ], [ -250., 250., 0. ] ] }
   - { id:81, corners:[ [ 328., -250., 0. ], [ 828., -250., 0. ], [ 828.,
       250., 0. ], [ 328., 250., 0. ] ] }
   - { id:950, corners:[ [ 906., -250., 0. ], [ 1406., -250., 0. ], [
       1406., 250., 0. ], [ 906., 250., 0. ] ] }
   - { id:498, corners:[ [ 1484., -250., 0. ], [ 1984., -250., 0. ], [
       1984., 250., 0. ], [ 1484., 250., 0. ] ] }
