%YAML:1.0
aruco_bc_nmarkers: 6
aruco_bc_mInfoType: 0
aruco_bc_markers:
   - { id:907, corners:[ [ -1617., -250., 0. ], [ -1117., -250., 0. ], [
       -1117., 250., 0. ], [ -1617., 250., 0. ] ] }
   - { id:938, corners:[ [ -1070., -250., 0. ], [ -570., -250., 0. ], [
       -570., 250., 0. ], [ -1070., 250., 0. ] ] }
   - { id:219, corners:[ [ -523., -250., 0. ], [ -23., -250., 0. ], [
       -23., 250., 0. ], [ -523., 250., 0. ] ] }
   - { id:521, corners:[ [ 24., -250., 0. ], [ 524., -250., 0. ], [ 524.,
       250., 0. ], [ 24., 250., 0. ] ] }
   - { id:768, corners:[ [ 571., -250., 0. ], [ 1071., -250., 0. ], [
       1071., 250., 0. ], [ 571., 250., 0. ] ] }
   - { id:450, corners:[ [ 1118., -250., 0. ], [ 1618., -250., 0. ], [
       1618., 250., 0. ], [ 1118., 250., 0. ] ] }
