image_width: 1280
image_height: 1024
camera_name: camera
camera_matrix:
  rows: 3
  cols: 3
  data: [2141.891966, 0, 602.685583, 0, 2154.543498, 191.963040, 0, 0, 1]
distortion_model: plumb_bob
distortion_coefficients:
  rows: 1
  cols: 5
  data: [0.058183, 0.095798, -0.027626, 0.015773, 0]
rectification_matrix:
  rows: 3
  cols: 3
  data: [1, 0, 0, 0, 1, 0, 0, 0, 1]
projection_matrix:
  rows: 3
  cols: 4
  data: [2166.593262, 0, 611.589299, 0, 0, 2157.434082, 182.254105, 0, 0, 0, 1, 0]
