%YAML:1.0
aruco_bc_nmarkers: 24
aruco_bc_mInfoType: 0
aruco_bc_markers:
   - { id:570, corners:[ [ -230., -350., 0. ], [ -130., -350., 0. ], [
       -130., -250., 0. ], [ -230., -250., 0. ] ] }
   - { id:860, corners:[ [ -110., -350., 0. ], [ -10., -350., 0. ], [
       -10., -250., 0. ], [ -110., -250., 0. ] ] }
   - { id:1019, corners:[ [ 10., -350., 0. ], [ 110., -350., 0. ], [
       110., -250., 0. ], [ 10., -250., 0. ] ] }
   - { id:616, corners:[ [ 130., -350., 0. ], [ 230., -350., 0. ], [
       230., -250., 0. ], [ 130., -250., 0. ] ] }
   - { id:998, corners:[ [ -230., -230., 0. ], [ -130., -230., 0. ], [
       -130., -130., 0. ], [ -230., -130., 0. ] ] }
   - { id:147, corners:[ [ -110., -230., 0. ], [ -10., -230., 0. ], [
       -10., -130., 0. ], [ -110., -130., 0. ] ] }
   - { id:404, corners:[ [ 10., -230., 0. ], [ 110., -230., 0. ], [ 110.,
       -130., 0. ], [ 10., -130., 0. ] ] }
   - { id:42, corners:[ [ 130., -230., 0. ], [ 230., -230., 0. ], [ 230.,
       -130., 0. ], [ 130., -130., 0. ] ] }
   - { id:926, corners:[ [ -230., -110., 0. ], [ -130., -110., 0. ], [
       -130., -10., 0. ], [ -230., -10., 0. ] ] }
   - { id:544, corners:[ [ -110., -110., 0. ], [ -10., -110., 0. ], [
       -10., -10., 0. ], [ -110., -10., 0. ] ] }
   - { id:674, corners:[ [ 10., -110., 0. ], [ 110., -110., 0. ], [ 110.,
       -10., 0. ], [ 10., -10., 0. ] ] }
   - { id:613, corners:[ [ 130., -110., 0. ], [ 230., -110., 0. ], [
       230., -10., 0. ], [ 130., -10., 0. ] ] }
   - { id:836, corners:[ [ -230., 10., 0. ], [ -130., 10., 0. ], [ -130.,
       110., 0. ], [ -230., 110., 0. ] ] }
   - { id:221, corners:[ [ -110., 10., 0. ], [ -10., 10., 0. ], [ -10.,
       110., 0. ], [ -110., 110., 0. ] ] }
   - { id:610, corners:[ [ 10., 10., 0. ], [ 110., 10., 0. ], [ 110.,
       110., 0. ], [ 10., 110., 0. ] ] }
   - { id:578, corners:[ [ 130., 10., 0. ], [ 230., 10., 0. ], [ 230.,
       110., 0. ], [ 130., 110., 0. ] ] }
   - { id:711, corners:[ [ -230., 130., 0. ], [ -130., 130., 0. ], [
       -130., 230., 0. ], [ -230., 230., 0. ] ] }
   - { id:218, corners:[ [ -110., 130., 0. ], [ -10., 130., 0. ], [ -10.,
       230., 0. ], [ -110., 230., 0. ] ] }
   - { id:981, corners:[ [ 10., 130., 0. ], [ 110., 130., 0. ], [ 110.,
       230., 0. ], [ 10., 230., 0. ] ] }
   - { id:965, corners:[ [ 130., 130., 0. ], [ 230., 130., 0. ], [ 230.,
       230., 0. ], [ 130., 230., 0. ] ] }
   - { id:702, corners:[ [ -230., 250., 0. ], [ -130., 250., 0. ], [
       -130., 350., 0. ], [ -230., 350., 0. ] ] }
   - { id:164, corners:[ [ -110., 250., 0. ], [ -10., 250., 0. ], [ -10.,
       350., 0. ], [ -110., 350., 0. ] ] }
   - { id:805, corners:[ [ 10., 250., 0. ], [ 110., 250., 0. ], [ 110.,
       350., 0. ], [ 10., 350., 0. ] ] }
   - { id:829, corners:[ [ 130., 250., 0. ], [ 230., 250., 0. ], [ 230.,
       350., 0. ], [ 130., 350., 0. ] ] }
