%YAML:1.0
aruco_bc_nmarkers: 24
aruco_bc_mInfoType: 0
aruco_bc_markers:
   - { id:76, corners:[ [ -230., -350., 0. ], [ -130., -350., 0. ], [
       -130., -250., 0. ], [ -230., -250., 0. ] ] }
   - { id:845, corners:[ [ -110., -350., 0. ], [ -10., -350., 0. ], [
       -10., -250., 0. ], [ -110., -250., 0. ] ] }
   - { id:643, corners:[ [ 10., -350., 0. ], [ 110., -350., 0. ], [ 110.,
       -250., 0. ], [ 10., -250., 0. ] ] }
   - { id:120, corners:[ [ 130., -350., 0. ], [ 230., -350., 0. ], [
       230., -250., 0. ], [ 130., -250., 0. ] ] }
   - { id:368, corners:[ [ -230., -230., 0. ], [ -130., -230., 0. ], [
       -130., -130., 0. ], [ -230., -130., 0. ] ] }
   - { id:662, corners:[ [ -110., -230., 0. ], [ -10., -230., 0. ], [
       -10., -130., 0. ], [ -110., -130., 0. ] ] }
   - { id:497, corners:[ [ 10., -230., 0. ], [ 110., -230., 0. ], [ 110.,
       -130., 0. ], [ 10., -130., 0. ] ] }
   - { id:951, corners:[ [ 130., -230., 0. ], [ 230., -230., 0. ], [
       230., -130., 0. ], [ 130., -130., 0. ] ] }
   - { id:580, corners:[ [ -230., -110., 0. ], [ -130., -110., 0. ], [
       -130., -10., 0. ], [ -230., -10., 0. ] ] }
   - { id:152, corners:[ [ -110., -110., 0. ], [ -10., -110., 0. ], [
       -10., -10., 0. ], [ -110., -10., 0. ] ] }
   - { id:122, corners:[ [ 10., -110., 0. ], [ 110., -110., 0. ], [ 110.,
       -10., 0. ], [ 10., -10., 0. ] ] }
   - { id:233, corners:[ [ 130., -110., 0. ], [ 230., -110., 0. ], [
       230., -10., 0. ], [ 130., -10., 0. ] ] }
   - { id:822, corners:[ [ -230., 10., 0. ], [ -130., 10., 0. ], [ -130.,
       110., 0. ], [ -230., 110., 0. ] ] }
   - { id:344, corners:[ [ -110., 10., 0. ], [ -10., 10., 0. ], [ -10.,
       110., 0. ], [ -110., 110., 0. ] ] }
   - { id:591, corners:[ [ 10., 10., 0. ], [ 110., 10., 0. ], [ 110.,
       110., 0. ], [ 10., 110., 0. ] ] }
   - { id:268, corners:[ [ 130., 10., 0. ], [ 230., 10., 0. ], [ 230.,
       110., 0. ], [ 130., 110., 0. ] ] }
   - { id:995, corners:[ [ -230., 130., 0. ], [ -130., 130., 0. ], [
       -130., 230., 0. ], [ -230., 230., 0. ] ] }
   - { id:387, corners:[ [ -110., 130., 0. ], [ -10., 130., 0. ], [ -10.,
       230., 0. ], [ -110., 230., 0. ] ] }
   - { id:397, corners:[ [ 10., 130., 0. ], [ 110., 130., 0. ], [ 110.,
       230., 0. ], [ 10., 230., 0. ] ] }
   - { id:695, corners:[ [ 130., 130., 0. ], [ 230., 130., 0. ], [ 230.,
       230., 0. ], [ 130., 230., 0. ] ] }
   - { id:863, corners:[ [ -230., 250., 0. ], [ -130., 250., 0. ], [
       -130., 350., 0. ], [ -230., 350., 0. ] ] }
   - { id:38, corners:[ [ -110., 250., 0. ], [ -10., 250., 0. ], [ -10.,
       350., 0. ], [ -110., 350., 0. ] ] }
   - { id:97, corners:[ [ 10., 250., 0. ], [ 110., 250., 0. ], [ 110.,
       350., 0. ], [ 10., 350., 0. ] ] }
   - { id:648, corners:[ [ 130., 250., 0. ], [ 230., 250., 0. ], [ 230.,
       350., 0. ], [ 130., 350., 0. ] ] }
